image: myroom_global.pgm
resolution: 0.050000
origin: [-4.984346, -2.548737, 0.000000]
negate: 0
occupied_thresh: 0.65
free_thresh: 0.196

