image: umami03_global.pgm
resolution: 0.050000
origin: [-19.341026, -42.350037, 0.000000]
negate: 0
occupied_thresh: 0.65
free_thresh: 0.196

